0 4294967296
1 4294967295
2 4294967294
3 4294967293
4 4294967292
5 4294967291
6 4294967290
7 4294967289
8 4294967288
9 4294967287
10 4294967286
11 4294967285
12 4294967284
13 4294967283
14 4294967282
15 4294967281
16 4294967280
17 4294967279
18 4294967278
19 4294967277
20 4294967276
21 4294967275
22 4294967274
23 4294967273
24 4294967272
25 4294967271
26 4294967270
27 4294967269
28 4294967268
29 4294967267
30 4294967266
31 4294967265
32 4294967264
33 4294967263
34 4294967262
35 4294967261
36 4294967260
37 4294967259
38 4294967258
39 4294967257
40 4294967256
41 4294967255
42 4294967254
43 4294967253
44 4294967252
45 4294967251
46 4294967250
47 4294967249
48 4294967248
49 4294967247
50 4294967246
51 4294967245
52 4294967244
53 4294967243
54 4294967242
55 4294967241
56 4294967240
57 4294967239
58 4294967238
59 4294967237
60 4294967236
61 4294967235
62 4294967234
63 4294967233
64 4294967232
65 4294967231
66 4294967230
67 4294967229
68 4294967228
69 4294967227
70 4294967226
71 4294967225
72 4294967224
73 4294967223
74 4294967222
75 4294967221
76 4294967220
77 4294967219
78 4294967218
79 4294967217
80 4294967216
81 4294967215
82 4294967214
83 4294967213
84 4294967212
85 4294967211
86 4294967210
87 4294967209
88 4294967208
89 4294967207
90 4294967206
91 4294967205
92 4294967204
93 4294967203
94 4294967202
95 4294967201
96 4294967200
97 4294967199
98 4294967198
99 4294967197
100 4294967196
101 4294967195
102 4294967194
103 4294967193
104 4294967192
105 4294967191
106 4294967190
107 4294967189
108 4294967188
109 4294967187
110 4294967186
111 4294967185
112 4294967184
113 4294967183
114 4294967182
115 4294967181
116 4294967180
117 4294967179
118 4294967178
119 4294967177
120 4294967176
121 4294967175
122 4294967174
123 4294967173
124 4294967172
125 4294967171
126 4294967170
127 4294967169
128 4294967168
129 4294967167
130 4294967166
131 4294967165
132 4294967164
133 4294967163
134 4294967162
135 4294967161
136 4294967160
137 4294967159
138 4294967158
139 4294967157
140 4294967156
141 4294967155
142 4294967154
143 4294967153
144 4294967152
145 4294967151
146 4294967150
147 4294967149
148 4294967148
149 4294967147
150 4294967146
151 4294967145
152 4294967144
153 4294967143
154 4294967142
155 4294967141
156 4294967140
157 4294967139
158 4294967138
159 4294967137
160 4294967136
161 4294967135
162 4294967134
163 4294967133
164 4294967132
165 4294967131
166 4294967130
167 4294967129
168 4294967128
169 4294967127
170 4294967126
171 4294967125
172 4294967124
173 4294967123
174 4294967122
175 4294967121
176 4294967120
177 4294967119
178 4294967118
179 4294967117
180 4294967116
181 4294967115
182 4294967114
183 4294967113
184 4294967112
185 4294967111
186 4294967110
187 4294967109
188 4294967108
189 4294967107
190 4294967106
191 4294967105
192 4294967104
193 4294967103
194 4294967102
195 4294967101
196 4294967100
197 4294967099
198 4294967098
199 4294967097
200 4294967096
201 4294967095
202 4294967094
203 4294967093
204 4294967092
205 4294967091
206 4294967090
207 4294967089
208 4294967088
209 4294967087
210 4294967086
211 4294967085
212 4294967084
213 4294967083
214 4294967082
215 4294967081
216 4294967080
217 4294967079
218 4294967078
219 4294967077
220 4294967076
221 4294967075
222 4294967074
223 4294967073
224 4294967072
225 4294967071
226 4294967070
227 4294967069
228 4294967068
229 4294967067
230 4294967066
231 4294967065
232 4294967064
233 4294967063
234 4294967062
235 4294967061
236 4294967060
237 4294967059
238 4294967058
239 4294967057
240 4294967056
241 4294967055
242 4294967054
243 4294967053
244 4294967052
245 4294967051
246 4294967050
247 4294967049
248 4294967048
249 4294967047
250 4294967046
251 4294967045
252 4294967044
253 4294967043
254 4294967042
255 4294967041
256 4294967040
257 4294967039
258 4294967038
259 4294967037
260 4294967036
261 4294967035
262 4294967034
263 4294967033
264 4294967032
265 4294967031
266 4294967030
267 4294967029
268 4294967028
269 4294967027
270 4294967026
271 4294967025
272 4294967024
273 4294967023
274 4294967022
275 4294967021
276 4294967020
277 4294967019
278 4294967018
279 4294967017
280 4294967016
281 4294967015
282 4294967014
283 4294967013
284 4294967012
285 4294967011
286 4294967010
287 4294967009
288 4294967008
289 4294967007
290 4294967006
291 4294967005
292 4294967004
293 4294967003
294 4294967002
295 4294967001
296 4294967000
297 4294966999
298 4294966998
299 4294966997
300 4294966996
301 4294966995
302 4294966994
303 4294966993
304 4294966992
305 4294966991
306 4294966990
307 4294966989
308 4294966988
309 4294966987
310 4294966986
311 4294966985
312 4294966984
313 4294966983
314 4294966982
315 4294966981
316 4294966980
317 4294966979
318 4294966978
319 4294966977
320 4294966976
321 4294966975
322 4294966974
323 4294966973
324 4294966972
325 4294966971
326 4294966970
327 4294966969
328 4294966968
329 4294966967
330 4294966966
331 4294966965
332 4294966964
333 4294966963
334 4294966962
335 4294966961
336 4294966960
337 4294966959
338 4294966958
339 4294966957
340 4294966956
341 4294966955
342 4294966954
343 4294966953
344 4294966952
345 4294966951
346 4294966950
347 4294966949
348 4294966948
349 4294966947
350 4294966946
351 4294966945
352 4294966944
353 4294966943
354 4294966942
355 4294966941
356 4294966940
357 4294966939
358 4294966938
359 4294966937
360 4294966936
361 4294966935
362 4294966934
363 4294966933
364 4294966932
365 4294966931
366 4294966930
367 4294966929
368 4294966928
369 4294966927
370 4294966926
371 4294966925
372 4294966924
373 4294966923
374 4294966922
375 4294966921
376 4294966920
377 4294966919
378 4294966918
379 4294966917
380 4294966916
381 4294966915
382 4294966914
383 4294966913
384 4294966912
385 4294966911
386 4294966910
387 4294966909
388 4294966908
389 4294966907
390 4294966906
391 4294966905
392 4294966904
393 4294966903
394 4294966902
395 4294966901
396 4294966900
397 4294966899
398 4294966898
399 4294966897
400 4294966896
401 4294966895
402 4294966894
403 4294966893
404 4294966892
405 4294966891
406 4294966890
407 4294966889
408 4294966888
409 4294966887
410 4294966886
411 4294966885
412 4294966884
413 4294966883
414 4294966882
415 4294966881
416 4294966880
417 4294966879
418 4294966878
419 4294966877
420 4294966876
421 4294966875
422 4294966874
423 4294966873
424 4294966872
425 4294966871
426 4294966870
427 4294966869
428 4294966868
429 4294966867
430 4294966866
431 4294966865
432 4294966864
433 4294966863
434 4294966862
435 4294966861
436 4294966860
437 4294966859
438 4294966858
439 4294966857
440 4294966856
441 4294966855
442 4294966854
443 4294966853
444 4294966852
445 4294966851
446 4294966850
447 4294966849
448 4294966848
449 4294966847
450 4294966846
451 4294966845
452 4294966844
453 4294966843
454 4294966842
455 4294966841
456 4294966840
457 4294966839
458 4294966838
459 4294966837
460 4294966836
461 4294966835
462 4294966834
463 4294966833
464 4294966832
465 4294966831
466 4294966830
467 4294966829
468 4294966828
469 4294966827
470 4294966826
471 4294966825
472 4294966824
473 4294966823
474 4294966822
475 4294966821
476 4294966820
477 4294966819
478 4294966818
479 4294966817
480 4294966816
481 4294966815
482 4294966814
483 4294966813
484 4294966812
485 4294966811
486 4294966810
487 4294966809
488 4294966808
489 4294966807
490 4294966806
491 4294966805
492 4294966804
493 4294966803
494 4294966802
495 4294966801
496 4294966800
497 4294966799
498 4294966798
499 4294966797
500 4294966796
501 4294966795
502 4294966794
503 4294966793
504 4294966792
505 4294966791
506 4294966790
507 4294966789
508 4294966788
509 4294966787
510 4294966786
511 4294966785
512 4294966784
513 4294966783
514 4294966782
515 4294966781
516 4294966780
517 4294966779
518 4294966778
519 4294966777
520 4294966776
521 4294966775
522 4294966774
523 4294966773
524 4294966772
525 4294966771
526 4294966770
527 4294966769
528 4294966768
529 4294966767
530 4294966766
531 4294966765
532 4294966764
533 4294966763
534 4294966762
535 4294966761
536 4294966760
537 4294966759
538 4294966758
539 4294966757
540 4294966756
541 4294966755
542 4294966754
543 4294966753
544 4294966752
545 4294966751
546 4294966750
547 4294966749
548 4294966748
549 4294966747
550 4294966746
551 4294966745
552 4294966744
553 4294966743
554 4294966742
555 4294966741
556 4294966740
557 4294966739
558 4294966738
559 4294966737
560 4294966736
561 4294966735
562 4294966734
563 4294966733
564 4294966732
565 4294966731
566 4294966730
567 4294966729
568 4294966728
569 4294966727
570 4294966726
571 4294966725
572 4294966724
573 4294966723
574 4294966722
575 4294966721
576 4294966720
577 4294966719
578 4294966718
579 4294966717
580 4294966716
581 4294966715
582 4294966714
583 4294966713
584 4294966712
585 4294966711
586 4294966710
587 4294966709
588 4294966708
589 4294966707
590 4294966706
591 4294966705
592 4294966704
593 4294966703
594 4294966702
595 4294966701
596 4294966700
597 4294966699
598 4294966698
599 4294966697
600 4294966696
601 4294966695
602 4294966694
603 4294966693
604 4294966692
605 4294966691
606 4294966690
607 4294966689
608 4294966688
609 4294966687
610 4294966686
611 4294966685
612 4294966684
613 4294966683
614 4294966682
615 4294966681
616 4294966680
617 4294966679
618 4294966678
619 4294966677
620 4294966676
621 4294966675
622 4294966674
623 4294966673
624 4294966672
625 4294966671
626 4294966670
627 4294966669
628 4294966668
629 4294966667
630 4294966666
631 4294966665
632 4294966664
633 4294966663
634 4294966662
635 4294966661
636 4294966660
637 4294966659
638 4294966658
639 4294966657
640 4294966656
641 4294966655
642 4294966654
643 4294966653
644 4294966652
645 4294966651
646 4294966650
647 4294966649
648 4294966648
649 4294966647
650 4294966646
651 4294966645
652 4294966644
653 4294966643
654 4294966642
655 4294966641
656 4294966640
657 4294966639
658 4294966638
659 4294966637
660 4294966636
661 4294966635
662 4294966634
663 4294966633
664 4294966632
665 4294966631
666 4294966630
667 4294966629
668 4294966628
669 4294966627
670 4294966626
671 4294966625
672 4294966624
673 4294966623
674 4294966622
675 4294966621
676 4294966620
677 4294966619
678 4294966618
679 4294966617
680 4294966616
681 4294966615
682 4294966614
683 4294966613
684 4294966612
685 4294966611
686 4294966610
687 4294966609
688 4294966608
689 4294966607
690 4294966606
691 4294966605
692 4294966604
693 4294966603
694 4294966602
695 4294966601
696 4294966600
697 4294966599
698 4294966598
699 4294966597
700 4294966596
701 4294966595
702 4294966594
703 4294966593
704 4294966592
705 4294966591
706 4294966590
707 4294966589
708 4294966588
709 4294966587
710 4294966586
711 4294966585
712 4294966584
713 4294966583
714 4294966582
715 4294966581
716 4294966580
717 4294966579
718 4294966578
719 4294966577
720 4294966576
721 4294966575
722 4294966574
723 4294966573
724 4294966572
725 4294966571
726 4294966570
727 4294966569
728 4294966568
729 4294966567
730 4294966566
731 4294966565
732 4294966564
733 4294966563
734 4294966562
735 4294966561
736 4294966560
737 4294966559
738 4294966558
739 4294966557
740 4294966556
741 4294966555
742 4294966554
743 4294966553
744 4294966552
745 4294966551
746 4294966550
747 4294966549
748 4294966548
749 4294966547
750 4294966546
751 4294966545
752 4294966544
753 4294966543
754 4294966542
755 4294966541
756 4294966540
757 4294966539
758 4294966538
759 4294966537
760 4294966536
761 4294966535
762 4294966534
763 4294966533
764 4294966532
765 4294966531
766 4294966530
767 4294966529
768 4294966528
769 4294966527
770 4294966526
771 4294966525
772 4294966524
773 4294966523
774 4294966522
775 4294966521
776 4294966520
777 4294966519
778 4294966518
779 4294966517
780 4294966516
781 4294966515
782 4294966514
783 4294966513
784 4294966512
785 4294966511
786 4294966510
787 4294966509
788 4294966508
789 4294966507
790 4294966506
791 4294966505
792 4294966504
793 4294966503
794 4294966502
795 4294966501
796 4294966500
797 4294966499
798 4294966498
799 4294966497
800 4294966496
801 4294966495
802 4294966494
803 4294966493
804 4294966492
805 4294966491
806 4294966490
807 4294966489
808 4294966488
809 4294966487
810 4294966486
811 4294966485
812 4294966484
813 4294966483
814 4294966482
815 4294966481
816 4294966480
817 4294966479
818 4294966478
819 4294966477
820 4294966476
821 4294966475
822 4294966474
823 4294966473
824 4294966472
825 4294966471
826 4294966470
827 4294966469
828 4294966468
829 4294966467
830 4294966466
831 4294966465
832 4294966464
833 4294966463
834 4294966462
835 4294966461
836 4294966460
837 4294966459
838 4294966458
839 4294966457
840 4294966456
841 4294966455
842 4294966454
843 4294966453
844 4294966452
845 4294966451
846 4294966450
847 4294966449
848 4294966448
849 4294966447
850 4294966446
851 4294966445
852 4294966444
853 4294966443
854 4294966442
855 4294966441
856 4294966440
857 4294966439
858 4294966438
859 4294966437
860 4294966436
861 4294966435
862 4294966434
863 4294966433
864 4294966432
865 4294966431
866 4294966430
867 4294966429
868 4294966428
869 4294966427
870 4294966426
871 4294966425
872 4294966424
873 4294966423
874 4294966422
875 4294966421
876 4294966420
877 4294966419
878 4294966418
879 4294966417
880 4294966416
881 4294966415
882 4294966414
883 4294966413
884 4294966412
885 4294966411
886 4294966410
887 4294966409
888 4294966408
889 4294966407
890 4294966406
891 4294966405
892 4294966404
893 4294966403
894 4294966402
895 4294966401
896 4294966400
897 4294966399
898 4294966398
899 4294966397
900 4294966396
901 4294966395
902 4294966394
903 4294966393
904 4294966392
905 4294966391
906 4294966390
907 4294966389
908 4294966388
909 4294966387
910 4294966386
911 4294966385
912 4294966384
913 4294966383
914 4294966382
915 4294966381
916 4294966380
917 4294966379
918 4294966378
919 4294966377
920 4294966376
921 4294966375
922 4294966374
923 4294966373
924 4294966372
925 4294966371
926 4294966370
927 4294966369
928 4294966368
929 4294966367
930 4294966366
931 4294966365
932 4294966364
933 4294966363
934 4294966362
935 4294966361
936 4294966360
937 4294966359
938 4294966358
939 4294966357
940 4294966356
941 4294966355
942 4294966354
943 4294966353
944 4294966352
945 4294966351
946 4294966350
947 4294966349
948 4294966348
949 4294966347
950 4294966346
951 4294966345
952 4294966344
953 4294966343
954 4294966342
955 4294966341
956 4294966340
957 4294966339
958 4294966338
959 4294966337
960 4294966336
961 4294966335
962 4294966334
963 4294966333
964 4294966332
965 4294966331
966 4294966330
967 4294966329
968 4294966328
969 4294966327
970 4294966326
971 4294966325
972 4294966324
973 4294966323
974 4294966322
975 4294966321
976 4294966320
977 4294966319
978 4294966318
979 4294966317
980 4294966316
981 4294966315
982 4294966314
983 4294966313
984 4294966312
985 4294966311
986 4294966310
987 4294966309
988 4294966308
989 4294966307
990 4294966306
991 4294966305
992 4294966304
993 4294966303
994 4294966302
995 4294966301
996 4294966300
997 4294966299
998 4294966298
999 4294966297
